50 
77.377 
0 1 20.592 3.796
0 2 81.449 36.311
0 3 55.101 28.218
0 4 93.603 81.477
0 5 29.652 10.053
0 6 48.673 11.963
0 7 95.871 23.006
0 8 50.367 73.018
0 9 54.247 23.332
0 10 94.850 77.660
0 11 5.517 18.155
0 12 81.117 73.146
0 13 70.046 97.625
0 14 25.626 90.162
0 15 80.553 72.993
0 16 8.914 12.787
0 17 33.252 51.333
0 18 13.675 1.575
0 19 56.686 43.806
0 20 75.507 37.148
0 21 52.790 14.620
0 22 22.902 58.989
0 23 87.828 7.323
0 24 22.615 54.330
0 25 84.144 31.497
0 26 66.303 68.460
0 27 81.740 61.401
0 28 36.725 3.467
0 29 76.698 87.467
0 30 55.042 22.060
0 31 2.244 48.688
0 32 22.796 4.834
0 33 86.504 6.206
0 34 45.291 68.107
0 35 15.171 95.280
0 36 29.870 0.428
0 37 41.247 58.256
0 38 43.143 33.008
0 39 2.100 78.126
0 40 87.334 19.105
0 41 35.712 3.678
0 42 65.979 58.090
0 43 76.733 0.312
0 44 33.600 12.673
0 45 60.753 0.569
0 46 49.813 28.917
0 47 13.639 96.565
0 48 99.561 64.854
0 49 35.887 99.160
1 2 16.079 27.173
1 3 82.748 54.764
1 4 82.302 96.853
1 5 79.242 3.554
1 6 95.965 29.946
1 7 70.756 49.333
1 8 41.006 44.847
1 9 86.550 6.079
1 10 78.575 6.368
1 11 42.471 35.905
1 12 61.544 18.517
1 13 17.258 6.130
1 14 33.944 2.741
1 15 89.346 96.593
1 16 72.678 73.559
1 17 48.630 14.857
1 18 55.712 52.889
1 19 20.249 5.740
1 20 88.117 0.831
1 21 30.379 22.576
1 22 64.824 53.539
1 23 6.053 44.012
1 24 48.862 23.253
1 25 81.168 25.839
1 26 10.595 38.660
1 27 42.636 59.430
1 28 81.264 77.305
1 29 84.284 15.162
1 30 12.430 93.664
1 31 7.105 75.346
1 32 77.609 78.301
1 33 36.489 29.195
1 34 1.630 74.206
1 35 10.926 0.036
1 36 96.311 98.003
1 37 83.823 32.411
1 38 69.576 51.233
1 39 95.965 29.796
1 40 12.649 16.259
1 41 40.739 0.034
1 42 23.172 40.993
1 43 52.356 47.605
1 44 78.085 66.573
1 45 66.317 47.961
1 46 17.427 70.386
1 47 83.871 94.931
1 48 39.543 73.908
1 49 99.077 27.570
2 3 85.702 33.571
2 4 71.441 11.532
2 5 84.873 28.853
2 6 76.352 93.099
2 7 26.513 6.224
2 8 90.913 0.571
2 9 35.709 74.550
2 10 91.256 86.493
2 11 75.728 79.335
2 12 89.771 93.429
2 13 35.131 19.839
2 14 56.461 4.966
2 15 50.019 31.829
2 16 59.455 77.858
2 17 47.719 84.792
2 18 78.902 30.234
2 19 22.057 93.998
2 20 91.046 20.828
2 21 50.963 79.633
2 22 71.212 11.905
2 23 33.836 2.496
2 24 47.920 7.617
2 25 74.162 25.011
2 26 42.758 0.057
2 27 55.725 23.838
2 28 18.843 57.847
2 29 75.621 33.094
2 30 13.441 6.550
2 31 77.255 7.905
2 32 73.247 26.784
2 33 8.686 3.819
2 34 37.551 44.525
2 35 48.017 33.493
2 36 48.471 89.154
2 37 0.702 29.461
2 38 73.274 39.011
2 39 89.797 52.645
2 40 5.272 95.117
2 41 4.782 73.775
2 42 23.310 90.848
2 43 9.744 59.699
2 44 32.705 93.812
2 45 67.798 0.846
2 46 28.573 74.435
2 47 0.609 87.724
2 48 35.328 80.018
2 49 40.668 7.374
3 4 49.775 43.200
3 5 42.748 90.491
3 6 44.111 72.676
3 7 38.191 96.334
3 8 14.838 86.121
3 9 68.592 59.037
3 10 3.833 94.051
3 11 88.801 17.765
3 12 69.114 4.634
3 13 75.779 1.841
3 14 92.497 9.317
3 15 96.498 92.290
3 16 60.472 45.535
3 17 42.363 1.653
3 18 97.273 14.556
3 19 0.467 45.548
3 20 31.626 55.169
3 21 74.432 6.025
3 22 58.782 75.554
3 23 88.719 63.052
3 24 27.368 71.423
3 25 70.699 99.452
3 26 7.171 3.689
3 27 81.980 33.566
3 28 34.057 94.961
3 29 94.811 94.426
3 30 99.028 55.551
3 31 13.867 21.435
3 32 37.852 85.991
3 33 57.354 92.554
3 34 48.099 51.164
3 35 29.007 1.539
3 36 22.181 16.326
3 37 89.582 41.243
3 38 88.203 0.867
3 39 66.436 62.687
3 40 0.056 0.385
3 41 43.890 15.684
3 42 19.793 90.681
3 43 87.282 53.072
3 44 24.514 49.534
3 45 41.332 73.830
3 46 59.364 92.259
3 47 91.625 81.112
3 48 47.580 93.683
3 49 13.929 31.710
4 5 84.989 79.678
4 6 70.825 95.707
4 7 11.528 61.936
4 8 80.352 0.754
4 9 51.372 3.188
4 10 97.854 57.019
4 11 8.620 79.579
4 12 52.407 84.477
4 13 51.576 24.319
4 14 29.162 94.091
4 15 47.515 29.874
4 16 37.601 74.420
4 17 96.541 47.098
4 18 11.984 26.725
4 19 38.853 0.996
4 20 59.672 21.688
4 21 53.248 50.296
4 22 22.628 0.552
4 23 75.236 63.052
4 24 31.583 49.615
4 25 65.654 1.965
4 26 28.170 91.300
4 27 92.612 59.185
4 28 13.189 0.238
4 29 35.329 61.472
4 30 80.756 55.485
4 31 2.532 59.059
4 32 49.067 86.477
4 33 66.775 0.013
4 34 34.954 56.327
4 35 78.072 15.711
4 36 92.782 35.233
4 37 51.461 31.586
4 38 36.320 35.516
4 39 42.503 96.697
4 40 23.105 18.588
4 41 30.238 27.595
4 42 76.842 86.058
4 43 73.775 84.227
4 44 14.994 1.623
4 45 34.539 70.980
4 46 4.035 0.014
4 47 5.833 0.001
4 48 33.744 33.366
4 49 2.033 0.002
5 6 42.865 7.507
5 7 91.559 93.689
5 8 76.721 58.988
5 9 55.697 39.423
5 10 57.213 58.899
5 11 52.514 32.113
5 12 70.346 18.619
5 13 77.796 19.231
5 14 81.214 10.118
5 15 71.668 0.175
5 16 66.396 17.394
5 17 0.545 63.547
5 18 72.075 25.994
5 19 58.500 87.034
5 20 81.491 27.617
5 21 67.481 68.068
5 22 42.960 20.579
5 23 67.285 0.026
5 24 83.982 26.355
5 25 21.288 75.955
5 26 30.889 32.910
5 27 92.715 24.341
5 28 90.330 94.811
5 29 8.105 71.362
5 30 65.237 76.747
5 31 49.935 14.734
5 32 98.477 43.444
5 33 10.467 71.027
5 34 66.370 59.479
5 35 2.666 85.756
5 36 72.059 31.322
5 37 95.067 0.010
5 38 55.485 18.948
5 39 55.789 0.003
5 40 2.922 57.779
5 41 86.394 31.044
5 42 87.509 81.144
5 43 38.744 34.512
5 44 59.226 81.815
5 45 96.848 74.915
5 46 45.525 0.788
5 47 62.309 79.233
5 48 53.632 19.806
5 49 92.352 19.426
6 7 76.160 65.315
6 8 68.983 51.402
6 9 75.727 87.266
6 10 1.319 98.715
6 11 36.989 31.728
6 12 19.721 58.596
6 13 92.543 50.658
6 14 81.430 22.069
6 15 3.380 0.000
6 16 70.253 4.546
6 17 87.803 81.752
6 18 60.642 7.363
6 19 41.133 70.065
6 20 27.190 6.219
6 21 55.122 38.526
6 22 78.124 78.339
6 23 76.273 0.000
6 24 45.289 15.095
6 25 77.995 77.218
6 26 64.413 62.297
6 27 66.051 48.237
6 28 10.031 3.433
6 29 92.522 30.471
6 30 41.564 75.248
6 31 19.244 99.999
6 32 89.902 99.176
6 33 55.020 23.738
6 34 73.756 68.724
6 35 74.725 44.449
6 36 77.102 60.466
6 37 43.095 0.000
6 38 87.961 69.785
6 39 13.082 0.000
6 40 85.111 0.767
6 41 54.529 27.377
6 42 79.160 45.784
6 43 33.172 69.428
6 44 10.984 38.386
6 45 20.201 29.775
6 46 59.484 67.665
6 47 85.757 50.806
6 48 66.564 25.843
6 49 52.677 95.951
7 8 92.953 64.648
7 9 51.651 9.376
7 10 18.615 14.676
7 11 31.582 13.690
7 12 47.182 91.676
7 13 18.489 40.246
7 14 6.094 80.897
7 15 98.756 14.198
7 16 60.068 2.924
7 17 6.161 88.827
7 18 75.474 91.334
7 19 9.508 53.783
7 20 51.779 37.153
7 21 92.932 31.136
7 22 35.771 38.670
7 23 79.866 47.045
7 24 78.785 10.760
7 25 14.470 0.340
7 26 32.966 5.392
7 27 74.358 20.399
7 28 79.972 5.614
7 29 53.588 13.075
7 30 13.018 52.959
7 31 47.842 69.321
7 32 68.946 99.607
7 33 33.818 8.742
7 34 20.853 15.750
7 35 61.807 32.077
7 36 55.816 29.368
7 37 51.522 19.453
7 38 39.749 53.086
7 39 30.128 80.364
7 40 97.445 29.133
7 41 78.893 0.270
7 42 37.357 42.413
7 43 31.510 3.794
7 44 49.944 68.641
7 45 1.648 88.552
7 46 0.098 3.511
7 47 94.704 68.554
7 48 17.368 54.437
7 49 83.279 60.424
8 9 57.385 0.000
8 10 79.451 49.233
8 11 76.819 22.086
8 12 39.931 39.508
8 13 60.813 47.222
8 14 42.270 75.804
8 15 85.446 54.938
8 16 56.809 82.663
8 17 70.448 57.779
8 18 12.844 6.752
8 19 6.171 0.001
8 20 68.552 11.729
8 21 42.784 76.037
8 22 92.923 0.000
8 23 25.163 99.442
8 24 44.685 0.953
8 25 79.438 0.000
8 26 70.339 0.686
8 27 52.378 78.300
8 28 13.589 0.000
8 29 91.471 35.466
8 30 22.933 28.219
8 31 1.493 66.563
8 32 74.540 12.886
8 33 66.660 0.000
8 34 76.824 94.343
8 35 37.418 7.650
8 36 94.267 71.237
8 37 46.783 99.770
8 38 77.869 45.006
8 39 73.432 72.171
8 40 40.452 11.991
8 41 81.821 78.310
8 42 0.939 84.486
8 43 84.443 78.785
8 44 58.505 79.926
8 45 47.850 12.294
8 46 42.178 0.000
8 47 4.759 0.000
8 48 5.840 8.946
8 49 82.579 0.000
9 10 52.008 33.122
9 11 36.885 1.588
9 12 24.041 63.648
9 13 24.354 83.016
9 14 17.479 5.797
9 15 82.336 84.470
9 16 45.298 63.722
9 17 68.742 40.349
9 18 93.177 13.390
9 19 19.452 0.000
9 20 13.549 51.674
9 21 0.070 18.210
9 22 39.018 0.000
9 23 21.210 53.523
9 24 74.239 1.141
9 25 86.905 0.000
9 26 17.788 3.228
9 27 36.701 77.360
9 28 25.695 0.000
9 29 57.800 52.308
9 30 97.347 96.157
9 31 41.554 34.058
9 32 22.184 10.528
9 33 88.416 0.000
9 34 13.324 14.991
9 35 59.202 40.279
9 36 69.683 61.764
9 37 38.093 23.486
9 38 16.537 42.636
9 39 94.303 77.847
9 40 63.453 98.391
9 41 30.427 60.798
9 42 76.699 66.077
9 43 19.002 30.953
9 44 88.843 36.640
9 45 87.006 52.607
9 46 15.317 0.000
9 47 2.488 0.000
9 48 61.755 98.175
9 49 89.070 0.000
10 11 29.450 9.200
10 12 36.553 3.273
10 13 89.645 75.540
10 14 34.617 76.806
10 15 78.400 35.844
10 16 14.591 26.270
10 17 56.750 71.334
10 18 46.635 47.886
10 19 29.109 63.771
10 20 2.671 0.471
10 21 39.198 25.075
10 22 5.752 49.327
10 23 41.388 64.624
10 24 84.099 31.599
10 25 98.224 87.528
10 26 74.786 72.286
10 27 49.517 24.111
10 28 87.487 35.035
10 29 8.836 28.113
10 30 7.813 84.605
10 31 68.452 6.940
10 32 12.596 43.036
10 33 60.802 29.238
10 34 5.879 99.648
10 35 6.522 0.015
10 36 93.939 71.835
10 37 68.865 73.675
10 38 97.576 99.754
10 39 86.179 40.952
10 40 63.553 19.158
10 41 80.141 98.469
10 42 57.189 15.653
10 43 44.528 49.654
10 44 9.121 38.531
10 45 17.179 14.831
10 46 34.067 36.353
10 47 3.391 23.611
10 48 61.251 21.438
10 49 31.769 47.714
11 12 5.155 50.582
11 13 98.714 58.841
11 14 57.284 2.178
11 15 93.949 47.588
11 16 54.625 0.468
11 17 10.650 94.135
11 18 66.729 93.821
11 19 95.129 9.196
11 20 29.325 18.065
11 21 5.162 3.905
11 22 29.036 53.867
11 23 67.160 69.283
11 24 83.133 40.404
11 25 39.079 73.503
11 26 86.163 80.288
11 27 59.421 27.873
11 28 16.951 59.996
11 29 61.118 70.337
11 30 88.661 93.562
11 31 34.832 0.631
11 32 3.438 64.590
11 33 56.558 3.771
11 34 15.116 0.012
11 35 91.504 89.859
11 36 31.349 4.763
11 37 88.174 86.561
11 38 58.406 86.429
11 39 47.593 65.964
11 40 3.778 63.040
11 41 74.090 57.175
11 42 37.910 44.037
11 43 82.071 79.676
11 44 93.183 90.350
11 45 53.675 91.500
11 46 46.466 1.229
11 47 74.849 61.475
11 48 78.501 61.680
11 49 67.304 13.563
12 13 77.188 0.326
12 14 89.223 20.520
12 15 47.657 58.642
12 16 37.154 73.817
12 17 10.432 17.082
12 18 17.365 19.027
12 19 45.070 88.923
12 20 36.153 70.636
12 21 99.545 0.030
12 22 21.691 20.720
12 23 32.883 37.512
12 24 9.908 30.059
12 25 43.226 30.839
12 26 36.350 99.577
12 27 4.918 27.525
12 28 33.692 50.096
12 29 15.815 55.296
12 30 68.445 16.983
12 31 64.472 1.861
12 32 25.585 50.835
12 33 17.523 80.040
12 34 89.860 96.516
12 35 54.909 47.253
12 36 90.287 82.933
12 37 53.047 78.559
12 38 89.785 0.021
12 39 94.671 3.813
12 40 52.552 99.280
12 41 81.621 74.566
12 42 68.698 82.468
12 43 65.576 66.982
12 44 17.202 36.312
12 45 52.966 73.383
12 46 28.775 50.823
12 47 51.405 90.951
12 48 52.321 80.248
12 49 25.739 99.705
13 14 37.119 54.334
13 15 14.807 47.996
13 16 94.146 51.261
13 17 36.026 72.373
13 18 35.028 48.203
13 19 4.071 99.537
13 20 26.857 20.609
13 21 60.446 51.689
13 22 84.111 3.733
13 23 82.247 29.078
13 24 69.251 10.156
13 25 52.413 40.543
13 26 46.273 50.715
13 27 75.060 6.774
13 28 79.233 28.484
13 29 23.134 78.747
13 30 47.894 22.752
13 31 58.327 3.083
13 32 44.130 6.710
13 33 95.541 14.282
13 34 41.852 1.335
13 35 37.255 28.929
13 36 62.710 83.981
13 37 61.673 9.206
13 38 97.354 0.034
13 39 24.414 41.483
13 40 81.595 44.398
13 41 21.740 18.891
13 42 95.684 55.160
13 43 13.669 10.771
13 44 2.664 30.571
13 45 89.689 14.880
13 46 6.727 70.046
13 47 95.718 76.146
13 48 22.693 46.173
13 49 86.774 36.623
14 15 50.076 9.136
14 16 24.982 0.027
14 17 27.508 24.516
14 18 95.279 26.472
14 19 19.651 34.565
14 20 37.368 43.192
14 21 15.625 0.487
14 22 41.343 20.660
14 23 88.927 84.330
14 24 1.727 4.432
14 25 2.651 35.812
14 26 14.611 43.208
14 27 74.840 55.800
14 28 47.478 38.286
14 29 56.623 61.691
14 30 67.673 2.607
14 31 69.613 0.008
14 32 80.657 95.845
14 33 95.932 22.711
14 34 45.383 0.002
14 35 52.782 9.907
14 36 39.453 3.692
14 37 10.258 4.193
14 38 87.100 33.018
14 39 83.779 6.710
14 40 42.544 63.335
14 41 94.392 30.218
14 42 35.601 45.536
14 43 17.560 53.792
14 44 74.804 46.464
14 45 56.593 21.843
14 46 60.208 2.716
14 47 56.017 8.456
14 48 1.722 83.303
14 49 6.236 84.799
15 16 34.977 99.730
15 17 31.924 84.750
15 18 64.805 98.679
15 19 12.604 33.213
15 20 36.351 7.188
15 21 10.851 81.433
15 22 0.546 6.518
15 23 48.188 0.000
15 24 44.260 77.311
15 25 94.313 64.057
15 26 11.847 68.639
15 27 73.162 78.998
15 28 51.713 74.833
15 29 1.063 54.241
15 30 56.887 21.095
15 31 93.759 36.509
15 32 46.690 59.449
15 33 63.022 38.340
15 34 84.065 76.784
15 35 8.242 24.697
15 36 93.194 92.093
15 37 18.943 0.000
15 38 71.801 66.229
15 39 38.769 0.000
15 40 47.585 91.929
15 41 43.525 74.478
15 42 90.885 47.562
15 43 73.070 69.248
15 44 68.116 49.561
15 45 3.648 36.746
15 46 86.781 95.402
15 47 54.364 11.040
15 48 2.579 71.575
15 49 49.250 17.382
16 17 78.039 67.989
16 18 82.340 86.250
16 19 49.041 86.846
16 20 29.932 74.705
16 21 78.423 0.003
16 22 25.583 85.709
16 23 11.459 71.992
16 24 6.879 70.769
16 25 22.602 38.103
16 26 78.409 25.563
16 27 89.680 52.901
16 28 27.790 55.542
16 29 85.327 3.241
16 30 87.212 16.531
16 31 76.167 0.000
16 32 74.377 25.908
16 33 98.631 53.750
16 34 18.098 0.000
16 35 45.765 54.522
16 36 42.821 4.032
16 37 11.924 49.805
16 38 58.617 19.968
16 39 11.698 76.218
16 40 66.284 94.269
16 41 35.753 22.604
16 42 26.059 94.408
16 43 19.415 76.202
16 44 99.445 3.365
16 45 27.681 32.802
16 46 42.809 7.631
16 47 9.665 62.638
16 48 3.143 70.160
16 49 56.265 99.093
17 18 57.256 8.225
17 19 26.661 80.247
17 20 61.550 10.620
17 21 70.292 97.295
17 22 40.346 57.837
17 23 78.969 28.129
17 24 94.830 76.038
17 25 25.254 21.738
17 26 99.198 7.483
17 27 24.588 2.035
17 28 45.678 26.666
17 29 70.325 3.732
17 30 50.353 62.929
17 31 93.558 13.349
17 32 99.638 85.882
17 33 61.936 76.916
17 34 53.516 85.951
17 35 88.198 29.964
17 36 64.312 55.087
17 37 59.342 26.115
17 38 58.600 17.763
17 39 14.743 81.098
17 40 90.610 1.406
17 41 76.949 0.082
17 42 43.462 0.414
17 43 21.995 78.107
17 44 12.868 0.044
17 45 74.043 2.719
17 46 97.848 8.499
17 47 4.426 37.249
17 48 35.276 0.002
17 49 92.415 50.424
18 19 39.332 91.130
18 20 32.174 29.580
18 21 64.530 29.366
18 22 13.777 44.013
18 23 0.321 47.045
18 24 9.938 27.661
18 25 14.678 25.985
18 26 3.644 56.719
18 27 71.688 37.165
18 28 70.404 6.748
18 29 3.174 8.520
18 30 5.177 13.542
18 31 27.432 69.242
18 32 37.601 0.001
18 33 39.503 47.925
18 34 96.861 47.926
18 35 43.328 29.145
18 36 70.601 0.003
18 37 45.793 62.973
18 38 48.733 58.678
18 39 42.994 91.928
18 40 24.300 18.747
18 41 16.664 62.614
18 42 36.724 24.931
18 43 49.279 0.000
18 44 96.290 11.117
18 45 23.528 0.000
18 46 48.256 25.856
18 47 18.251 95.506
18 48 22.355 51.918
18 49 44.710 89.650
19 20 64.019 41.291
19 21 79.659 90.413
19 22 26.797 0.000
19 23 22.127 56.302
19 24 54.673 48.703
19 25 45.000 0.000
19 26 59.026 13.076
19 27 63.845 67.874
19 28 28.969 0.000
19 29 26.968 37.794
19 30 21.111 48.838
19 31 72.800 97.945
19 32 49.665 5.027
19 33 79.029 0.000
19 34 39.638 24.858
19 35 48.683 31.275
19 36 65.145 62.325
19 37 39.854 56.086
19 38 39.458 53.122
19 39 18.602 26.772
19 40 36.416 61.902
19 41 1.738 47.856
19 42 24.018 10.040
19 43 40.238 41.836
19 44 33.472 50.278
19 45 39.663 56.132
19 46 82.151 0.000
19 47 6.616 0.000
19 48 22.026 12.573
19 49 42.462 0.000
20 21 77.792 19.131
20 22 82.036 15.059
20 23 83.865 61.538
20 24 45.322 15.672
20 25 62.729 42.726
20 26 45.667 85.710
20 27 50.440 1.029
20 28 80.735 68.152
20 29 96.933 55.820
20 30 39.810 75.474
20 31 82.551 45.264
20 32 73.825 58.421
20 33 61.737 26.573
20 34 75.307 36.929
20 35 69.487 0.002
20 36 7.181 75.301
20 37 51.659 21.855
20 38 30.617 11.662
20 39 28.375 33.941
20 40 40.581 55.634
20 41 8.165 56.306
20 42 29.651 95.619
20 43 94.200 23.985
20 44 20.350 5.856
20 45 49.636 76.176
20 46 83.261 49.671
20 47 86.321 69.277
20 48 43.859 56.837
20 49 55.067 97.693
21 22 14.398 83.131
21 23 91.736 71.904
21 24 20.901 38.284
21 25 27.883 35.545
21 26 31.779 42.487
21 27 67.174 44.815
21 28 28.351 71.341
21 29 47.008 76.708
21 30 14.099 43.293
21 31 26.363 0.000
21 32 55.665 90.334
21 33 96.591 51.658
21 34 49.642 0.000
21 35 4.402 82.013
21 36 71.597 76.403
21 37 15.164 62.019
21 38 54.528 51.035
21 39 58.131 44.435
21 40 89.365 95.114
21 41 25.255 51.853
21 42 39.921 32.874
21 43 23.687 59.315
21 44 32.570 75.310
21 45 15.342 79.010
21 46 15.896 89.567
21 47 36.424 55.763
21 48 98.440 76.198
21 49 93.258 63.837
22 23 4.093 88.353
22 24 84.705 4.407
22 25 58.642 0.000
22 26 28.397 39.927
22 27 64.578 63.340
22 28 85.763 0.000
22 29 50.749 25.183
22 30 77.334 87.748
22 31 83.854 92.637
22 32 34.538 53.204
22 33 70.914 0.000
22 34 76.054 5.245
22 35 47.698 88.194
22 36 57.646 3.482
22 37 30.366 59.859
22 38 0.887 37.372
22 39 81.086 3.981
22 40 65.232 31.059
22 41 83.038 32.018
22 42 17.318 58.190
22 43 42.940 18.816
22 44 33.337 69.391
22 45 82.086 17.568
22 46 6.047 0.000
22 47 9.508 0.000
22 48 33.969 34.509
22 49 62.321 0.000
23 24 80.671 32.763
23 25 44.062 17.784
23 26 11.664 84.530
23 27 92.274 28.607
23 28 30.945 55.615
23 29 32.860 52.689
23 30 5.296 74.955
23 31 49.918 29.996
23 32 9.598 33.422
23 33 13.976 63.594
23 34 0.703 38.829
23 35 45.520 95.576
23 36 20.834 84.182
23 37 52.670 0.000
23 38 25.145 81.147
23 39 59.872 0.000
23 40 16.088 38.157
23 41 6.261 69.962
23 42 21.693 47.557
23 43 13.492 45.675
23 44 97.049 26.704
23 45 46.447 5.860
23 46 34.882 55.469
23 47 47.061 2.768
23 48 11.616 55.884
23 49 83.522 85.441
24 25 19.417 95.986
24 26 69.949 0.049
24 27 31.065 86.842
24 28 30.075 82.334
24 29 5.526 23.626
24 30 89.381 92.692
24 31 12.629 20.499
24 32 18.047 12.068
24 33 28.960 39.512
24 34 74.836 41.393
24 35 48.720 6.843
24 36 25.015 62.124
24 37 31.244 94.749
24 38 80.460 3.289
24 39 43.606 62.327
24 40 30.759 46.793
24 41 81.593 83.737
24 42 31.166 65.773
24 43 88.082 87.352
24 44 31.902 26.551
24 45 31.177 4.044
24 46 72.386 94.076
24 47 51.067 12.571
24 48 59.799 72.590
24 49 67.530 31.174
25 26 24.797 26.633
25 27 26.076 51.534
25 28 6.208 0.000
25 29 30.656 13.542
25 30 23.964 72.348
25 31 85.100 86.102
25 32 1.475 16.551
25 33 6.728 0.000
25 34 96.268 17.604
25 35 56.530 14.091
25 36 84.696 41.446
25 37 66.369 85.132
25 38 68.700 69.004
25 39 91.596 88.176
25 40 34.794 90.502
25 41 51.825 68.183
25 42 5.094 60.915
25 43 62.660 11.408
25 44 25.764 52.509
25 45 50.176 34.255
25 46 26.919 0.000
25 47 45.781 0.000
25 48 16.982 4.934
25 49 90.881 0.000
26 27 18.924 47.743
26 28 46.578 72.174
26 29 48.947 84.008
26 30 22.337 23.465
26 31 51.448 40.046
26 32 41.159 75.362
26 33 73.758 27.542
26 34 99.663 73.705
26 35 59.135 45.367
26 36 79.909 98.805
26 37 3.900 40.653
26 38 81.551 74.811
26 39 63.360 93.504
26 40 55.380 24.088
26 41 16.110 63.169
26 42 37.367 30.738
26 43 90.166 41.283
26 44 97.003 73.376
26 45 63.761 64.817
26 46 99.929 71.880
26 47 29.652 55.450
26 48 70.381 38.948
26 49 95.949 64.046
27 28 17.382 99.145
27 29 2.642 0.001
27 30 39.358 56.485
27 31 94.527 67.574
27 32 13.557 81.226
27 33 5.607 78.556
27 34 83.239 78.123
27 35 19.732 89.085
27 36 39.479 75.911
27 37 59.545 95.916
27 38 69.358 64.796
27 39 17.193 51.292
27 40 91.166 0.004
27 41 69.251 0.000
27 42 57.255 0.000
27 43 28.858 80.758
27 44 13.553 0.001
27 45 88.517 12.111
27 46 69.916 85.549
27 47 49.657 12.348
27 48 13.545 0.000
27 49 12.197 48.988
28 29 7.074 17.462
28 30 16.266 18.769
28 31 4.688 63.015
28 32 62.526 64.661
28 33 80.015 0.000
28 34 5.184 44.164
28 35 46.849 5.423
28 36 96.450 20.773
28 37 20.791 8.794
28 38 73.985 43.304
28 39 78.535 69.022
28 40 50.210 85.366
28 41 39.050 7.992
28 42 35.558 86.458
28 43 75.723 5.530
28 44 42.904 17.492
28 45 11.732 12.834
28 46 30.360 0.000
28 47 73.311 0.000
28 48 55.736 48.700
28 49 7.904 0.000
29 30 68.344 84.225
29 31 26.352 94.439
29 32 95.336 65.767
29 33 64.881 96.390
29 34 89.108 53.361
29 35 19.054 84.299
29 36 55.978 38.571
29 37 2.419 77.828
29 38 70.999 63.134
29 39 28.929 89.093
29 40 38.530 0.001
29 41 49.427 0.000
29 42 0.381 0.001
29 43 94.198 85.585
29 44 21.309 0.000
29 45 72.760 24.929
29 46 97.910 13.243
29 47 78.161 54.674
29 48 12.424 0.000
29 49 86.449 82.599
30 31 68.750 74.203
30 32 95.138 28.839
30 33 2.564 46.979
30 34 39.024 11.473
30 35 31.825 60.204
30 36 5.567 60.782
30 37 42.114 5.644
30 38 53.262 10.368
30 39 69.279 70.172
30 40 5.768 83.733
30 41 39.049 58.382
30 42 98.468 65.878
30 43 80.149 81.125
30 44 28.455 8.665
30 45 5.128 77.199
30 46 10.233 38.451
30 47 87.833 12.931
30 48 88.707 72.263
30 49 7.835 52.508
31 32 99.756 98.025
31 33 79.455 83.402
31 34 82.937 0.000
31 35 46.013 94.955
31 36 25.451 36.974
31 37 77.524 0.300
31 38 52.802 33.483
31 39 63.852 46.071
31 40 85.730 32.776
31 41 95.656 71.890
31 42 31.886 95.624
31 43 16.903 63.113
31 44 26.188 56.920
31 45 66.389 53.211
31 46 2.969 29.670
31 47 56.774 31.046
31 48 17.813 18.585
31 49 7.714 77.988
32 33 82.072 22.616
32 34 28.864 23.164
32 35 33.811 23.910
32 36 92.291 0.000
32 37 50.897 1.023
32 38 11.422 42.816
32 39 36.120 58.470
32 40 21.973 71.915
32 41 77.830 66.954
32 42 94.716 91.668
32 43 3.087 0.000
32 44 85.581 80.814
32 45 24.854 0.000
32 46 71.182 94.120
32 47 37.142 79.032
32 48 16.799 88.034
32 49 46.873 73.343
33 34 81.565 80.059
33 35 74.151 80.370
33 36 24.714 68.160
33 37 55.787 49.331
33 38 7.390 38.629
33 39 56.062 88.109
33 40 53.792 16.395
33 41 42.483 68.274
33 42 5.185 30.264
33 43 21.797 14.695
33 44 99.804 13.717
33 45 71.091 55.968
33 46 9.995 0.000
33 47 71.310 0.000
33 48 13.704 7.778
33 49 17.835 0.000
34 35 65.490 16.154
34 36 31.339 95.791
34 37 82.353 57.578
34 38 78.944 70.997
34 39 3.135 23.970
34 40 81.622 63.495
34 41 48.082 21.742
34 42 45.989 95.033
34 43 14.741 6.832
34 44 79.208 84.368
34 45 52.217 74.405
34 46 99.630 48.240
34 47 11.773 29.349
34 48 89.906 74.778
34 49 13.939 4.839
35 36 17.745 59.440
35 37 32.810 39.894
35 38 50.669 31.461
35 39 5.929 24.143
35 40 55.505 25.423
35 41 42.083 98.771
35 42 72.422 32.021
35 43 24.800 60.432
35 44 34.134 90.501
35 45 92.958 98.781
35 46 22.736 46.475
35 47 37.430 22.116
35 48 25.217 50.391
35 49 40.353 21.941
36 37 73.228 88.085
36 38 68.997 68.921
36 39 70.374 11.155
36 40 58.639 69.785
36 41 40.309 6.292
36 42 1.305 89.050
36 43 37.954 0.000
36 44 51.292 51.444
36 45 82.770 0.000
36 46 11.957 16.897
36 47 20.357 8.130
36 48 34.779 75.597
36 49 0.887 22.481
37 38 10.181 49.959
37 39 47.134 0.000
37 40 89.559 20.704
37 41 66.759 7.351
37 42 86.573 6.555
37 43 78.583 27.761
37 44 42.730 14.669
37 45 99.608 50.235
37 46 28.684 68.564
37 47 84.850 34.850
37 48 85.669 32.438
37 49 12.711 17.091
38 39 57.327 23.906
38 40 90.984 20.672
38 41 1.552 34.453
38 42 93.445 62.472
38 43 56.307 3.239
38 44 32.945 79.033
38 45 20.404 68.027
38 46 46.646 82.323
38 47 84.663 56.006
38 48 68.535 58.875
38 49 56.265 42.807
39 40 48.136 28.976
39 41 78.150 33.633
39 42 43.618 25.118
39 43 95.697 39.909
39 44 69.631 62.985
39 45 95.799 31.205
39 46 98.867 26.777
39 47 38.260 60.660
39 48 81.662 43.764
39 49 99.441 12.921
40 41 87.878 0.000
40 42 70.860 0.000
40 43 79.693 74.764
40 44 34.886 0.000
40 45 51.291 60.612
40 46 76.996 45.128
40 47 75.877 28.483
40 48 78.104 0.000
40 49 8.384 29.300
41 42 17.453 0.000
41 43 96.822 38.471
41 44 54.050 0.000
41 45 12.052 71.201
41 46 6.177 11.105
41 47 16.248 96.992
41 48 76.886 0.000
41 49 9.317 40.924
42 43 99.507 44.339
42 44 32.978 0.000
42 45 53.202 57.611
42 46 80.222 81.948
42 47 51.978 56.729
42 48 86.837 0.000
42 49 94.614 8.279
43 44 58.714 41.805
43 45 89.674 0.000
43 46 87.892 83.264
43 47 48.484 58.923
43 48 27.246 37.120
43 49 72.309 42.947
44 45 71.222 13.351
44 46 16.894 16.630
44 47 22.758 85.766
44 48 64.956 0.000
44 49 94.817 59.095
45 46 54.591 53.850
45 47 95.805 61.641
45 48 23.050 51.292
45 49 36.470 88.096
46 47 13.682 0.000
46 48 66.344 6.218
46 49 20.907 0.000
47 48 39.708 0.505
47 49 87.982 0.000
48 49 11.004 57.526
