10 
70.784 
0 1 25.248 55.663 
0 2 61.606 57.948 
0 3 37.943 95.414 
0 4 83.628 10.748 
0 5 97.819 98.838 
0 6 82.986 4.066 
0 7 31.570 50.449 
0 8 5.211 4.902 
0 9 56.019 43.911 
1 2 18.311 19.292 
1 3 34.072 94.930 
1 4 60.846 11.782 
1 5 89.071 63.659 
1 6 44.369 38.046 
1 7 47.740 13.111 
1 8 95.510 27.853 
1 9 21.402 45.353 
2 3 87.990 1.318 
2 4 21.024 4.036 
2 5 12.227 3.660 
2 6 70.376 62.793 
2 7 52.405 38.521 
2 8 53.970 19.597 
2 9 37.782 13.062 
3 4 21.460 86.250 
3 5 47.897 6.804 
3 6 74.426 18.990 
3 7 25.098 29.637 
3 8 59.054 73.511 
3 9 13.597 82.636 
4 5 61.335 64.089 
4 6 30.910 4.663 
4 7 19.769 34.518 
4 8 66.835 78.422 
4 9 11.023 92.790 
5 6 20.650 46.344 
5 7 87.678 30.920 
5 8 70.395 18.338 
5 9 1.687 28.434 
6 7 39.950 29.420 
6 8 9.894 40.694 
6 9 25.997 73.782 
7 8 21.762 11.782 
7 9 92.523 70.438 
8 9 28.695 79.278 
