20 
89.237 
0 1 85.938 22.481
0 2 72.330 15.044
0 3 34.118 69.085
0 4 12.622 10.833
0 5 25.590 68.036
0 6 16.519 88.235
0 7 95.266 5.824
0 8 68.040 40.487
0 9 31.944 37.864
0 10 9.010 86.969
0 11 68.065 70.393
0 12 13.530 1.467
0 13 38.421 87.577
0 14 4.360 63.226
0 15 5.353 43.073
0 16 36.283 68.886
0 17 90.781 94.167
0 18 13.803 0.670
0 19 91.523 45.391
1 2 65.830 67.293
1 3 37.152 53.334
1 4 36.014 46.160
1 5 72.135 56.953
1 6 1.728 2.930
1 7 20.402 5.237
1 8 41.895 1.519
1 9 5.854 13.781
1 10 59.408 2.452
1 11 3.882 56.060
1 12 11.920 1.833
1 13 48.726 0.262
1 14 98.204 0.011
1 15 43.916 0.000
1 16 72.588 0.006
1 17 56.589 19.138
1 18 88.896 4.945
1 19 4.326 0.001
2 3 92.294 32.508
2 4 64.929 37.572
2 5 49.667 15.019
2 6 75.047 21.948
2 7 22.829 13.529
2 8 78.799 77.089
2 9 61.214 29.694
2 10 82.902 82.222
2 11 3.053 26.119
2 12 28.257 27.117
2 13 26.813 14.475
2 14 56.452 9.575
2 15 38.278 78.968
2 16 50.613 74.247
2 17 96.256 41.525
2 18 75.315 84.463
2 19 61.512 37.324
3 4 34.085 12.743
3 5 98.272 82.827
3 6 16.445 1.784
3 7 90.167 72.942
3 8 22.428 12.733
3 9 88.138 33.145
3 10 5.675 60.053
3 11 22.869 97.471
3 12 89.173 96.315
3 13 82.389 26.032
3 14 51.479 2.216
3 15 53.256 11.377
3 16 25.032 5.653
3 17 7.430 67.522
3 18 86.017 84.350
3 19 17.865 40.117
4 5 33.183 29.657
4 6 39.282 74.743
4 7 61.394 44.718
4 8 48.620 67.369
4 9 68.246 4.450
4 10 84.201 27.098
4 11 69.994 61.125
4 12 96.722 46.957
4 13 9.850 96.463
4 14 9.567 49.094
4 15 40.415 99.871
4 16 24.972 40.101
4 17 28.966 35.297
4 18 33.519 1.230
4 19 97.968 55.019
5 6 17.539 70.555
5 7 41.725 75.414
5 8 41.083 87.785
5 9 75.014 98.041
5 10 87.201 70.927
5 11 28.430 57.932
5 12 44.286 97.053
5 13 92.105 70.981
5 14 79.223 44.708
5 15 37.387 72.842
5 16 82.438 48.640
5 17 99.820 12.733
5 18 83.286 18.232
5 19 10.487 32.616
6 7 62.915 0.001
6 8 20.172 74.862
6 9 26.886 38.594
6 10 43.048 0.000
6 11 88.044 75.618
6 12 75.147 0.000
6 13 86.361 0.000
6 14 41.489 0.000
6 15 51.855 0.000
6 16 12.862 0.000
6 17 28.279 18.739
6 18 63.141 28.656
6 19 48.533 0.000
7 8 95.095 12.829
7 9 96.951 9.735
7 10 22.087 0.000
7 11 34.802 67.416
7 12 1.035 0.000
7 13 50.143 0.000
7 14 71.295 0.000
7 15 69.103 0.000
7 16 31.936 0.000
7 17 85.331 56.670
7 18 96.894 29.798
7 19 52.756 0.000
8 9 27.914 19.854
8 10 34.401 63.532
8 11 44.900 76.576
8 12 56.893 39.988
8 13 99.025 12.260
8 14 14.436 99.619
8 15 31.420 41.308
8 16 64.144 80.866
8 17 62.017 32.145
8 18 87.305 28.216
8 19 45.777 0.986
9 10 47.158 37.603
9 11 32.638 82.001
9 12 2.328 88.885
9 13 20.663 63.175
9 14 1.675 53.843
9 15 43.858 44.557
9 16 13.180 40.751
9 17 27.775 24.988
9 18 5.050 1.185
9 19 3.397 87.451
10 11 34.759 92.352
10 12 61.524 0.000
10 13 57.955 0.000
10 14 36.035 0.000
10 15 21.101 0.000
10 16 95.450 0.000
10 17 44.832 93.343
10 18 25.124 67.858
10 19 53.862 0.000
11 12 94.827 50.107
11 13 50.262 25.725
11 14 45.458 52.670
11 15 14.846 15.762
11 16 31.631 69.547
11 17 16.962 43.699
11 18 87.441 1.662
11 19 8.733 5.448
12 13 44.303 0.000
12 14 58.688 0.000
12 15 67.201 0.000
12 16 64.634 0.000
12 17 42.605 66.728
12 18 58.917 22.031
12 19 4.126 0.000
13 14 98.502 0.000
13 15 77.557 0.000
13 16 51.367 0.000
13 17 74.426 45.358
13 18 7.826 44.177
13 19 17.985 0.000
14 15 52.601 0.000
14 16 98.639 0.000
14 17 0.889 42.918
14 18 76.635 15.680
14 19 55.867 0.000
15 16 93.849 0.000
15 17 42.087 21.239
15 18 3.229 57.357
15 19 19.745 0.000
16 17 52.612 28.754
16 18 91.993 69.712
16 19 17.234 0.000
17 18 93.472 58.317
17 19 38.329 76.060
18 19 75.113 44.587
