50 
56.154 
0 1 39.099 0.033 
0 2 35.519 71.838 
0 3 95.305 1.069 
0 4 56.856 8.334 
0 5 54.885 0.128 
0 6 38.827 42.889 
0 7 66.755 27.936 
0 8 12.094 27.337 
0 9 94.061 5.700 
0 10 14.032 2.057 
0 11 21.310 36.324 
0 12 64.421 0.000 
0 13 55.110 2.483 
0 14 88.652 62.216 
0 15 94.719 0.002 
0 16 3.509 1.399 
0 17 84.903 0.000 
0 18 2.084 28.985 
0 19 20.195 93.164 
0 20 70.224 68.507 
0 21 17.038 0.000 
0 22 52.792 99.671 
0 23 72.461 0.000 
0 24 81.149 65.274 
0 25 82.759 1.719 
0 26 54.420 36.136 
0 27 80.574 17.041 
0 28 38.630 0.000 
0 29 53.850 0.000 
0 30 68.406 59.659 
0 31 97.159 0.000 
0 32 16.330 79.681 
0 33 36.565 75.261 
0 34 44.529 0.000 
0 35 16.509 9.648 
0 36 60.505 13.265 
0 37 92.781 46.515 
0 38 48.312 0.000 
0 39 5.587 0.000 
0 40 79.512 43.202 
0 41 53.057 45.856 
0 42 21.170 0.000 
0 43 27.507 0.000 
0 44 0.372 0.000 
0 45 56.626 80.773 
0 46 37.695 96.644 
0 47 31.349 35.095 
0 48 1.544 28.200 
0 49 44.452 53.689 
1 2 94.791 37.933 
1 3 59.758 0.000 
1 4 6.252 70.201 
1 5 72.636 0.000 
1 6 22.961 40.676 
1 7 22.421 26.942 
1 8 26.050 77.522 
1 9 84.698 49.969 
1 10 22.014 0.000 
1 11 19.835 51.285 
1 12 62.417 0.000 
1 13 22.203 25.312 
1 14 25.850 75.662 
1 15 32.472 0.000 
1 16 67.653 16.892 
1 17 41.271 0.000 
1 18 91.522 96.858 
1 19 26.008 47.022 
1 20 88.537 28.360 
1 21 60.707 0.000 
1 22 24.961 17.099 
1 23 72.044 0.000 
1 24 17.473 0.387 
1 25 85.182 84.235 
1 26 62.520 71.293 
1 27 55.171 54.647 
1 28 29.240 0.000 
1 29 94.241 0.000 
1 30 29.917 7.452 
1 31 85.820 0.000 
1 32 43.350 65.904 
1 33 12.703 79.788 
1 34 64.791 0.000 
1 35 66.080 77.481 
1 36 88.636 96.493 
1 37 90.957 95.532 
1 38 21.369 0.000 
1 39 57.729 0.000 
1 40 27.160 83.004 
1 41 77.702 25.951 
1 42 68.153 0.000 
1 43 0.382 0.000 
1 44 18.126 0.000 
1 45 88.489 16.601 
1 46 72.602 84.075 
1 47 21.953 58.777 
1 48 11.075 72.815 
1 49 98.664 74.113 
2 3 34.726 64.167 
2 4 36.953 78.314 
2 5 46.903 78.909 
2 6 20.033 85.996 
2 7 42.232 25.536 
2 8 38.137 24.170 
2 9 11.289 3.288 
2 10 93.701 36.034 
2 11 74.292 18.688 
2 12 36.878 38.528 
2 13 45.695 42.197 
2 14 74.462 76.570 
2 15 43.735 32.306 
2 16 79.901 98.688 
2 17 98.712 37.755 
2 18 41.229 76.573 
2 19 86.602 78.796 
2 20 6.973 5.804 
2 21 60.076 19.737 
2 22 42.952 9.124 
2 23 36.372 69.127 
2 24 53.203 6.231 
2 25 34.820 27.939 
2 26 61.569 20.056 
2 27 53.116 64.624 
2 28 12.222 99.318 
2 29 67.064 65.564 
2 30 81.366 14.324 
2 31 95.977 54.501 
2 32 79.897 67.123 
2 33 53.803 0.933 
2 34 61.246 57.457 
2 35 77.916 43.773 
2 36 40.770 11.295 
2 37 39.687 55.742 
2 38 52.238 61.220 
2 39 92.350 2.626 
2 40 41.441 25.172 
2 41 8.260 89.898 
2 42 44.863 36.449 
2 43 0.039 26.049 
2 44 74.777 45.049 
2 45 75.518 91.922 
2 46 92.215 99.071 
2 47 93.356 17.098 
2 48 83.516 91.293 
2 49 66.872 31.816 
3 4 79.301 2.323 
3 5 57.440 0.000 
3 6 18.327 0.379 
3 7 86.569 17.008 
3 8 15.117 66.531 
3 9 50.647 99.061 
3 10 50.367 0.000 
3 11 39.230 28.966 
3 12 46.325 0.000 
3 13 70.453 88.007 
3 14 70.763 69.166 
3 15 11.681 0.000 
3 16 44.364 3.190 
3 17 54.853 0.000 
3 18 83.130 76.594 
3 19 14.046 92.088 
3 20 77.722 89.206 
3 21 49.128 0.000 
3 22 92.263 58.847 
3 23 20.304 0.000 
3 24 1.111 87.658 
3 25 47.294 62.513 
3 26 10.301 91.307 
3 27 37.092 32.062 
3 28 55.873 0.000 
3 29 33.529 0.000 
3 30 38.501 23.790 
3 31 73.192 0.000 
3 32 13.988 72.815 
3 33 5.225 10.324 
3 34 42.430 0.000 
3 35 83.026 19.910 
3 36 85.790 60.385 
3 37 84.670 59.330 
3 38 39.117 0.000 
3 39 37.403 0.000 
3 40 80.147 27.296 
3 41 41.600 35.543 
3 42 82.567 0.000 
3 43 7.523 0.000 
3 44 5.792 0.000 
3 45 76.884 44.476 
3 46 72.580 3.514 
3 47 52.691 89.517 
3 48 82.668 15.797 
3 49 97.235 17.070 
4 5 5.219 53.243 
4 6 73.065 3.288 
4 7 37.709 7.447 
4 8 99.092 86.839 
4 9 19.980 14.116 
4 10 2.929 91.955 
4 11 59.418 49.057 
4 12 68.464 13.969 
4 13 89.102 62.926 
4 14 88.967 43.132 
4 15 98.508 54.788 
4 16 15.724 65.745 
4 17 77.676 10.962 
4 18 86.822 14.976 
4 19 59.640 6.757 
4 20 82.201 52.234 
4 21 83.426 2.458 
4 22 86.460 65.214 
4 23 24.017 60.076 
4 24 47.579 62.340 
4 25 29.353 28.692 
4 26 7.815 23.180 
4 27 41.776 71.017 
4 28 96.791 46.892 
4 29 63.251 35.160 
4 30 37.130 83.257 
4 31 86.692 23.267 
4 32 89.831 8.981 
4 33 16.674 95.329 
4 34 80.475 2.213 
4 35 5.069 36.795 
4 36 57.420 80.650 
4 37 83.540 82.879 
4 38 10.761 44.513 
4 39 53.406 1.003 
4 40 10.834 65.252 
4 41 58.343 8.749 
4 42 89.365 69.898 
4 43 60.223 98.135 
4 44 56.419 29.268 
4 45 0.188 78.555 
4 46 19.815 91.237 
4 47 99.335 29.899 
4 48 46.643 18.841 
4 49 46.175 54.841 
5 6 41.033 73.066 
5 7 44.372 42.605 
5 8 30.329 43.868 
5 9 23.617 24.035 
5 10 77.903 0.000 
5 11 96.015 4.976 
5 12 86.129 0.000 
5 13 15.294 55.685 
5 14 85.936 45.367 
5 15 59.831 0.000 
5 16 73.193 1.907 
5 17 78.714 0.000 
5 18 61.212 2.037 
5 19 91.979 43.928 
5 20 43.619 92.215 
5 21 44.996 0.000 
5 22 33.124 53.299 
5 23 35.932 0.000 
5 24 44.848 40.440 
5 25 44.126 66.337 
5 26 13.937 51.172 
5 27 33.612 46.437 
5 28 2.713 0.000 
5 29 32.064 0.000 
5 30 6.211 70.249 
5 31 35.336 0.000 
5 32 96.828 99.169 
5 33 38.131 3.080 
5 34 30.574 0.000 
5 35 31.394 56.998 
5 36 50.046 50.778 
5 37 88.281 54.689 
5 38 38.770 0.000 
5 39 98.441 0.000 
5 40 14.207 60.310 
5 41 38.785 27.113 
5 42 12.854 0.000 
5 43 19.511 0.000 
5 44 96.553 0.000 
5 45 42.716 7.127 
5 46 58.192 18.009 
5 47 32.305 3.715 
5 48 13.581 89.497 
5 49 28.976 74.159 
6 7 52.810 48.355 
6 8 15.313 69.167 
6 9 32.244 53.895 
6 10 91.227 80.942 
6 11 56.172 37.014 
6 12 95.196 80.161 
6 13 19.844 83.327 
6 14 74.561 72.674 
6 15 38.622 70.137 
6 16 90.165 15.095 
6 17 93.300 1.960 
6 18 40.966 20.828 
6 19 73.016 76.058 
6 20 56.306 67.976 
6 21 67.526 66.592 
6 22 2.066 26.527 
6 23 35.501 18.403 
6 24 0.422 91.073 
6 25 14.899 97.500 
6 26 4.434 38.882 
6 27 53.578 52.145 
6 28 93.571 16.815 
6 29 54.935 15.323 
6 30 56.555 39.598 
6 31 98.606 83.319 
6 32 29.572 60.297 
6 33 6.114 18.230 
6 34 61.918 91.083 
6 35 77.468 42.772 
6 36 61.019 5.971 
6 37 2.450 89.084 
6 38 95.074 94.300 
6 39 94.712 3.062 
6 40 95.798 36.218 
6 41 61.117 88.861 
6 42 80.589 40.573 
6 43 72.021 50.391 
6 44 13.905 99.372 
6 45 92.450 77.082 
6 46 33.968 22.362 
6 47 82.430 51.111 
6 48 31.622 96.821 
6 49 58.206 96.621 
7 8 68.734 25.044 
7 9 54.247 0.211 
7 10 12.490 11.995 
7 11 23.374 0.110 
7 12 98.335 84.115 
7 13 75.376 12.969 
7 14 88.125 85.965 
7 15 44.398 43.717 
7 16 1.727 65.511 
7 17 69.950 13.485 
7 18 26.294 52.792 
7 19 10.273 0.160 
7 20 68.080 40.157 
7 21 49.416 27.317 
7 22 2.874 28.715 
7 23 13.121 41.117 
7 24 22.284 60.245 
7 25 1.463 64.166 
7 26 83.693 46.959 
7 27 97.791 44.148 
7 28 11.118 23.274 
7 29 66.401 79.856 
7 30 54.962 58.066 
7 31 7.527 42.502 
7 32 89.011 2.404 
7 33 86.701 97.575 
7 34 99.120 61.693 
7 35 70.565 24.015 
7 36 72.177 10.333 
7 37 32.392 91.088 
7 38 45.680 76.619 
7 39 65.242 62.814 
7 40 49.793 27.342 
7 41 18.917 19.393 
7 42 67.463 27.558 
7 43 6.282 31.659 
7 44 2.066 61.503 
7 45 51.278 8.906 
7 46 79.111 3.127 
7 47 48.317 78.236 
7 48 87.726 24.675 
7 49 65.728 69.088 
8 9 6.142 99.386 
8 10 90.825 83.144 
8 11 44.443 92.586 
8 12 15.913 90.527 
8 13 9.218 89.643 
8 14 70.294 78.562 
8 15 76.536 10.211 
8 16 55.204 52.991 
8 17 2.148 34.440 
8 18 46.781 29.971 
8 19 4.533 63.584 
8 20 89.780 91.640 
8 21 49.414 11.555 
8 22 93.125 44.438 
8 23 57.631 37.183 
8 24 2.184 72.470 
8 25 37.673 50.794 
8 26 7.605 43.299 
8 27 32.772 7.052 
8 28 12.710 23.422 
8 29 67.999 12.276 
8 30 95.486 97.934 
8 31 82.103 22.166 
8 32 22.945 65.907 
8 33 29.999 12.988 
8 34 62.840 36.900 
8 35 21.456 94.463 
8 36 28.924 0.881 
8 37 45.449 87.757 
8 38 22.261 71.459 
8 39 2.059 4.132 
8 40 80.541 69.909 
8 41 93.602 3.288 
8 42 15.236 23.664 
8 43 32.780 52.273 
8 44 86.912 50.942 
8 45 27.037 46.482 
8 46 17.406 77.950 
8 47 27.653 3.219 
8 48 50.705 85.626 
8 49 20.594 39.911 
9 10 44.796 96.160 
9 11 93.575 11.097 
9 12 7.068 88.633 
9 13 3.029 54.363 
9 14 72.795 35.802 
9 15 11.936 66.056 
9 16 17.364 14.958 
9 17 73.850 80.169 
9 18 52.889 57.468 
9 19 94.499 70.780 
9 20 91.384 48.709 
9 21 36.947 15.893 
9 22 32.392 19.576 
9 23 27.969 9.484 
9 24 77.509 39.387 
9 25 8.620 65.385 
9 26 88.378 30.733 
9 27 5.049 78.153 
9 28 13.470 64.959 
9 29 9.154 96.559 
9 30 84.496 77.849 
9 31 49.332 37.202 
9 32 78.768 10.570 
9 33 69.284 43.838 
9 34 97.562 48.242 
9 35 35.354 14.339 
9 36 71.568 38.569 
9 37 79.470 59.994 
9 38 13.895 22.911 
9 39 18.748 5.230 
9 40 19.128 72.722 
9 41 97.812 41.586 
9 42 77.802 97.788 
9 43 96.233 9.883 
9 44 98.171 56.758 
9 45 88.819 40.211 
9 46 37.057 33.000 
9 47 97.618 28.757 
9 48 94.748 46.729 
9 49 58.274 3.172 
10 11 96.612 86.419 
10 12 67.728 0.000 
10 13 44.435 89.789 
10 14 40.612 51.038 
10 15 31.976 0.000 
10 16 40.061 1.349 
10 17 7.832 0.000 
10 18 31.458 9.203 
10 19 44.786 83.716 
10 20 53.424 56.869 
10 21 44.600 0.000 
10 22 84.230 44.572 
10 23 60.212 0.000 
10 24 21.111 28.509 
10 25 60.950 29.717 
10 26 1.964 27.051 
10 27 52.482 99.935 
10 28 10.130 0.000 
10 29 63.437 0.000 
10 30 3.619 75.470 
10 31 6.771 0.000 
10 32 45.525 11.573 
10 33 48.609 90.064 
10 34 89.209 0.000 
10 35 1.388 61.295 
10 36 2.111 65.540 
10 37 14.568 38.831 
10 38 58.818 0.000 
10 39 30.325 0.000 
10 40 48.637 76.036 
10 41 4.250 2.311 
10 42 22.489 0.000 
10 43 65.152 0.000 
10 44 23.309 0.000 
10 45 51.900 79.124 
10 46 34.363 75.288 
10 47 99.067 78.182 
10 48 69.342 27.977 
10 49 28.681 36.282 
11 12 77.964 40.544 
11 13 38.778 66.114 
11 14 21.478 15.369 
11 15 90.556 31.966 
11 16 68.292 10.641 
11 17 62.581 41.541 
11 18 99.236 42.918 
11 19 16.109 56.730 
11 20 4.769 49.302 
11 21 2.878 3.908 
11 22 41.416 49.631 
11 23 2.476 60.097 
11 24 90.770 12.491 
11 25 20.836 86.221 
11 26 59.840 20.699 
11 27 8.169 55.823 
11 28 68.712 38.156 
11 29 55.051 73.568 
11 30 14.046 15.369 
11 31 8.203 96.290 
11 32 35.617 39.821 
11 33 31.467 71.007 
11 34 74.403 29.886 
11 35 9.294 32.939 
11 36 14.668 32.447 
11 37 97.408 20.914 
11 38 41.945 60.407 
11 39 41.983 56.484 
11 40 35.814 72.118 
11 41 18.162 61.839 
11 42 37.606 17.728 
11 43 48.961 94.053 
11 44 41.677 97.894 
11 45 22.898 28.785 
11 46 96.441 69.606 
11 47 0.968 3.288 
11 48 32.999 77.038 
11 49 32.806 0.328 
12 13 65.810 85.292 
12 14 60.568 91.946 
12 15 35.671 0.000 
12 16 59.309 40.920 
12 17 69.335 0.000 
12 18 48.480 9.596 
12 19 74.913 91.918 
12 20 80.605 97.737 
12 21 14.530 0.000 
12 22 89.468 9.330 
12 23 14.887 0.000 
12 24 45.949 42.887 
12 25 79.299 11.669 
12 26 84.035 87.832 
12 27 81.482 70.812 
12 28 38.152 0.000 
12 29 90.912 0.000 
12 30 48.709 22.146 
12 31 46.494 0.000 
12 32 94.331 49.779 
12 33 24.971 98.264 
12 34 37.706 0.000 
12 35 34.681 60.720 
12 36 26.429 77.699 
12 37 33.064 9.623 
12 38 42.714 0.000 
12 39 31.621 0.000 
12 40 65.393 37.192 
12 41 36.708 3.596 
12 42 46.066 0.000 
12 43 19.231 0.000 
12 44 73.752 0.000 
12 45 7.813 14.338 
12 46 24.921 57.041 
12 47 27.505 7.575 
12 48 97.685 18.698 
12 49 94.725 60.263 
13 14 65.684 59.093 
13 15 68.819 4.206 
13 16 64.037 3.288 
13 17 44.020 35.462 
13 18 75.996 2.125 
13 19 68.031 66.381 
13 20 25.501 95.819 
13 21 32.411 75.234 
13 22 25.001 73.790 
13 23 49.403 47.897 
13 24 80.939 24.400 
13 25 38.648 49.445 
13 26 35.750 89.398 
13 27 35.926 79.141 
13 28 8.066 69.979 
13 29 77.929 1.293 
13 30 46.462 58.611 
13 31 63.505 26.010 
13 32 28.085 68.657 
13 33 35.860 24.150 
13 34 59.625 52.584 
13 35 48.853 30.526 
13 36 31.559 41.643 
13 37 73.560 25.344 
13 38 22.499 27.789 
13 39 46.825 76.234 
13 40 26.592 37.855 
13 41 1.681 93.865 
13 42 49.669 88.520 
13 43 34.037 0.832 
13 44 56.096 18.612 
13 45 1.061 0.511 
13 46 11.234 15.268 
13 47 89.133 78.722 
13 48 59.404 64.069 
13 49 15.601 93.714 
14 15 84.141 85.130 
14 16 55.149 55.066 
14 17 16.482 31.397 
14 18 61.930 67.153 
14 19 87.807 88.245 
14 20 93.197 67.738 
14 21 35.439 87.767 
14 22 63.606 8.003 
14 23 16.179 17.983 
14 24 85.851 74.631 
14 25 63.458 35.139 
14 26 45.259 86.836 
14 27 58.768 1.521 
14 28 70.594 91.599 
14 29 30.611 85.449 
14 30 84.174 91.531 
14 31 23.678 38.865 
14 32 10.803 0.388 
14 33 96.453 94.721 
14 34 66.580 77.229 
14 35 5.011 42.561 
14 36 25.250 15.264 
14 37 40.999 23.396 
14 38 9.780 9.381 
14 39 75.893 29.928 
14 40 40.970 91.311 
14 41 0.172 4.526 
14 42 90.428 62.538 
14 43 96.218 99.027 
14 44 36.851 94.262 
14 45 24.393 61.827 
14 46 85.626 25.476 
14 47 36.156 64.965 
14 48 64.325 0.167 
14 49 35.750 89.773 
15 16 48.686 85.932 
15 17 43.146 0.000 
15 18 67.494 99.313 
15 19 68.526 42.142 
15 20 47.822 81.253 
15 21 16.286 0.000 
15 22 5.466 84.341 
15 23 30.590 0.000 
15 24 73.689 28.702 
15 25 75.301 55.932 
15 26 1.411 7.000 
15 27 7.657 0.993 
15 28 45.914 0.000 
15 29 30.750 0.000 
15 30 77.855 17.582 
15 31 60.045 0.000 
15 32 29.207 85.225 
15 33 71.465 99.901 
15 34 52.303 0.000 
15 35 49.204 77.438 
15 36 40.846 94.277 
15 37 4.318 1.538 
15 38 96.593 0.000 
15 39 77.069 0.000 
15 40 95.062 41.786 
15 41 31.926 18.745 
15 42 2.852 0.000 
15 43 81.994 0.000 
15 44 65.131 0.000 
15 45 39.204 90.588 
15 46 80.713 7.681 
15 47 21.888 1.817 
15 48 69.399 97.764 
15 49 19.614 11.695 
16 17 78.449 21.816 
16 18 97.756 97.430 
16 19 3.038 5.701 
16 20 57.186 23.885 
16 21 61.008 26.710 
16 22 59.138 29.394 
16 23 33.408 58.758 
16 24 18.581 20.859 
16 25 6.215 8.151 
16 26 27.286 14.587 
16 27 23.930 24.472 
16 28 68.387 76.606 
16 29 91.108 27.740 
16 30 36.541 85.218 
16 31 3.177 97.866 
16 32 31.847 7.565 
16 33 15.652 29.622 
16 34 94.742 69.964 
16 35 2.373 77.491 
16 36 21.013 76.630 
16 37 83.926 59.530 
16 38 56.235 16.818 
16 39 26.308 5.454 
16 40 20.901 26.012 
16 41 30.092 7.294 
16 42 10.088 86.920 
16 43 38.444 15.581 
16 44 60.244 86.711 
16 45 89.438 65.657 
16 46 36.509 65.406 
16 47 61.075 8.980 
16 48 60.104 13.192 
16 49 50.192 97.235 
17 18 79.994 9.761 
17 19 92.097 39.463 
17 20 0.510 13.496 
17 21 26.968 0.000 
17 22 56.700 27.313 
17 23 76.915 0.000 
17 24 15.724 77.082 
17 25 47.564 2.048 
17 26 2.691 5.266 
17 27 83.837 24.866 
17 28 46.274 0.000 
17 29 64.988 0.000 
17 30 22.668 18.227 
17 31 84.415 0.000 
17 32 9.538 54.927 
17 33 38.994 42.094 
17 34 48.754 0.000 
17 35 4.726 76.463 
17 36 11.134 7.388 
17 37 73.730 47.129 
17 38 49.546 0.000 
17 39 85.827 0.000 
17 40 32.183 62.198 
17 41 94.108 59.069 
17 42 87.342 0.000 
17 43 13.993 0.000 
17 44 54.502 0.000 
17 45 96.974 42.326 
17 46 22.376 59.059 
17 47 69.734 19.272 
17 48 34.470 29.755 
17 49 28.010 84.591 
18 19 16.836 13.293 
18 20 92.631 44.590 
18 21 25.596 14.074 
18 22 71.217 36.547 
18 23 60.699 44.983 
18 24 1.583 24.012 
18 25 78.590 47.950 
18 26 12.810 62.158 
18 27 31.743 35.993 
18 28 25.436 26.427 
18 29 75.536 25.770 
18 30 76.215 98.094 
18 31 71.851 56.951 
18 32 9.458 91.709 
18 33 71.460 78.713 
18 34 92.390 40.672 
18 35 92.189 61.261 
18 36 58.435 52.999 
18 37 11.482 24.693 
18 38 16.627 2.558 
18 39 97.328 9.773 
18 40 9.311 91.873 
18 41 64.269 47.010 
18 42 21.906 81.146 
18 43 61.462 82.259 
18 44 4.052 44.804 
18 45 3.908 78.312 
18 46 30.959 76.999 
18 47 79.215 82.296 
18 48 80.430 3.288 
18 49 77.859 42.239 
19 20 73.181 97.070 
19 21 36.318 8.325 
19 22 95.361 98.911 
19 23 56.013 88.941 
19 24 43.150 1.923 
19 25 2.284 44.894 
19 26 76.202 54.238 
19 27 71.306 55.036 
19 28 85.593 14.217 
19 29 49.580 52.471 
19 30 77.124 19.797 
19 31 47.327 1.017 
19 32 27.027 34.266 
19 33 49.662 10.921 
19 34 72.014 76.787 
19 35 42.202 18.828 
19 36 15.558 39.542 
19 37 20.059 13.586 
19 38 79.629 89.882 
19 39 40.255 13.372 
19 40 32.893 53.783 
19 41 41.509 5.674 
19 42 18.661 31.245 
19 43 86.420 71.719 
19 44 7.511 99.523 
19 45 38.870 2.837 
19 46 99.944 0.001 
19 47 34.975 35.548 
19 48 29.554 28.836 
19 49 52.008 5.335 
20 21 9.383 45.443 
20 22 65.427 41.607 
20 23 69.088 81.417 
20 24 23.161 54.410 
20 25 78.656 59.405 
20 26 62.731 27.713 
20 27 7.232 9.112 
20 28 95.048 13.959 
20 29 0.685 88.842 
20 30 95.465 22.683 
20 31 86.356 61.447 
20 32 81.571 51.870 
20 33 8.474 61.048 
20 34 41.533 91.249 
20 35 57.540 67.244 
20 36 6.828 96.621 
20 37 96.746 39.176 
20 38 72.261 1.754 
20 39 35.110 44.475 
20 40 75.007 3.288 
20 41 91.368 33.124 
20 42 93.550 3.053 
20 43 28.491 0.670 
20 44 38.358 36.355 
20 45 45.457 1.067 
20 46 21.162 39.425 
20 47 24.128 58.490 
20 48 80.163 34.927 
20 49 77.320 8.959 
21 22 5.874 93.692 
21 23 1.168 0.000 
21 24 46.318 21.803 
21 25 88.487 75.064 
21 26 23.224 12.545 
21 27 20.226 30.778 
21 28 45.356 0.000 
21 29 31.861 0.000 
21 30 18.955 83.932 
21 31 63.921 0.000 
21 32 21.851 6.263 
21 33 31.609 38.571 
21 34 70.484 0.000 
21 35 87.930 59.113 
21 36 85.477 96.258 
21 37 84.938 84.741 
21 38 64.608 0.000 
21 39 4.311 0.000 
21 40 45.345 92.172 
21 41 37.252 82.479 
21 42 99.059 0.000 
21 43 19.174 0.000 
21 44 13.666 0.000 
21 45 98.005 88.043 
21 46 98.044 84.475 
21 47 97.161 1.838 
21 48 91.378 41.219 
21 49 55.470 14.186 
22 23 4.544 14.863 
22 24 85.198 33.510 
22 25 86.197 73.775 
22 26 42.447 3.288 
22 27 88.219 60.611 
22 28 27.161 44.665 
22 29 53.908 19.726 
22 30 52.207 52.384 
22 31 51.304 49.153 
22 32 83.918 39.701 
22 33 29.771 75.801 
22 34 8.233 66.206 
22 35 95.469 57.643 
22 36 92.231 8.332 
22 37 71.755 82.992 
22 38 35.923 89.840 
22 39 94.031 81.158 
22 40 65.327 65.797 
22 41 90.036 67.031 
22 42 89.927 58.553 
22 43 31.340 66.190 
22 44 41.235 13.409 
22 45 39.516 91.789 
22 46 29.184 13.920 
22 47 53.512 19.800 
22 48 19.274 61.876 
22 49 25.462 81.012 
23 24 32.339 28.956 
23 25 11.798 62.985 
23 26 85.932 33.187 
23 27 89.777 8.470 
23 28 75.887 0.000 
23 29 81.850 0.000 
23 30 6.456 97.006 
23 31 83.106 0.000 
23 32 3.344 0.994 
23 33 95.455 11.798 
23 34 69.537 0.000 
23 35 32.295 66.502 
23 36 84.751 37.112 
23 37 21.085 32.258 
23 38 18.625 0.000 
23 39 96.245 0.000 
23 40 27.019 59.666 
23 41 83.559 69.661 
23 42 25.439 0.000 
23 43 95.082 0.000 
23 44 12.739 0.000 
23 45 0.419 26.898 
23 46 18.604 65.013 
23 47 21.183 32.316 
23 48 63.811 1.237 
23 49 49.804 68.981 
24 25 37.761 3.288 
24 26 15.038 73.015 
24 27 32.697 43.945 
24 28 36.086 59.924 
24 29 62.857 32.303 
24 30 57.906 81.991 
24 31 74.655 19.702 
24 32 31.540 31.834 
24 33 26.478 56.843 
24 34 0.301 69.976 
24 35 47.473 94.271 
24 36 9.734 75.776 
24 37 71.857 90.900 
24 38 7.059 46.370 
24 39 5.733 0.879 
24 40 8.564 53.096 
24 41 50.894 13.011 
24 42 47.070 57.284 
24 43 53.367 89.924 
24 44 53.955 62.638 
24 45 86.503 93.702 
24 46 27.003 53.250 
24 47 15.016 70.765 
24 48 56.666 52.779 
24 49 68.754 9.722 
25 26 46.153 96.387 
25 27 40.626 44.239 
25 28 5.384 44.001 
25 29 58.792 91.128 
25 30 2.592 70.318 
25 31 22.119 29.658 
25 32 86.173 54.959 
25 33 55.610 29.486 
25 34 4.718 33.871 
25 35 6.683 11.896 
25 36 47.135 48.899 
25 37 22.136 32.139 
25 38 95.174 35.069 
25 39 39.387 48.559 
25 40 18.035 78.600 
25 41 62.589 44.334 
25 42 22.025 54.332 
25 43 55.601 73.960 
25 44 19.643 43.935 
25 45 50.684 27.425 
25 46 50.850 10.870 
25 47 50.488 26.579 
25 48 5.186 0.148 
25 49 43.556 93.058 
26 27 24.104 89.096 
26 28 25.782 11.421 
26 29 66.539 16.562 
26 30 25.288 51.694 
26 31 96.500 84.329 
26 32 82.585 14.603 
26 33 65.485 13.796 
26 34 57.446 36.615 
26 35 40.527 39.289 
26 36 50.238 35.060 
26 37 67.928 88.787 
26 38 95.153 63.181 
26 39 99.769 91.734 
26 40 87.747 58.801 
26 41 85.167 24.998 
26 42 1.276 84.290 
26 43 32.801 28.009 
26 44 83.544 76.477 
26 45 90.727 98.322 
26 46 2.222 18.742 
26 47 96.135 21.930 
26 48 54.743 37.123 
26 49 11.753 59.997 
27 28 77.650 42.480 
27 29 59.583 45.708 
27 30 26.139 66.722 
27 31 60.924 34.775 
27 32 8.442 2.776 
27 33 13.500 73.850 
27 34 96.513 4.499 
27 35 39.622 47.574 
27 36 26.453 0.364 
27 37 12.471 43.791 
27 38 98.410 61.343 
27 39 78.798 39.037 
27 40 91.451 26.334 
27 41 20.487 50.912 
27 42 29.076 9.177 
27 43 31.600 44.601 
27 44 6.913 12.282 
27 45 4.591 96.869 
27 46 12.769 76.151 
27 47 75.634 91.581 
27 48 2.456 8.973 
27 49 21.105 88.694 
28 29 91.654 0.000 
28 30 34.640 3.955 
28 31 31.492 0.000 
28 32 93.692 81.547 
28 33 1.474 35.238 
28 34 49.733 0.000 
28 35 31.545 67.892 
28 36 54.685 17.253 
28 37 9.577 70.321 
28 38 63.087 0.000 
28 39 82.954 0.000 
28 40 10.475 70.295 
28 41 50.701 2.467 
28 42 88.236 0.000 
28 43 89.723 0.000 
28 44 30.931 0.000 
28 45 67.491 31.979 
28 46 21.230 94.950 
28 47 26.471 18.089 
28 48 97.104 76.033 
28 49 93.225 74.604 
29 30 58.495 43.372 
29 31 12.462 0.000 
29 32 49.260 19.477 
29 33 82.752 26.516 
29 34 28.380 0.000 
29 35 17.384 11.630 
29 36 27.538 93.279 
29 37 58.919 79.822 
29 38 97.937 0.000 
29 39 48.940 0.000 
29 40 89.651 59.929 
29 41 37.601 36.462 
29 42 76.874 0.000 
29 43 39.018 0.000 
29 44 6.987 0.000 
29 45 55.925 82.463 
29 46 66.697 44.167 
29 47 3.110 7.296 
29 48 7.155 96.877 
29 49 52.634 45.755 
30 31 14.233 11.228 
30 32 90.713 42.841 
30 33 9.676 0.804 
30 34 40.370 8.341 
30 35 33.783 0.155 
30 36 26.110 88.051 
30 37 67.631 35.950 
30 38 20.085 37.450 
30 39 46.438 37.182 
30 40 10.665 11.904 
30 41 60.351 32.362 
30 42 53.222 65.597 
30 43 21.261 59.029 
30 44 99.122 13.444 
30 45 17.022 85.479 
30 46 73.662 88.362 
30 47 28.233 33.164 
30 48 45.024 11.528 
30 49 98.117 3.288 
31 32 26.859 30.088 
31 33 54.800 77.497 
31 34 75.954 0.000 
31 35 65.245 69.664 
31 36 31.385 5.648 
31 37 70.707 22.522 
31 38 21.154 0.000 
31 39 22.638 0.000 
31 40 69.663 76.421 
31 41 57.772 53.411 
31 42 97.225 0.000 
31 43 91.603 0.000 
31 44 4.943 0.000 
31 45 29.782 99.676 
31 46 36.777 4.474 
31 47 57.006 5.541 
31 48 18.792 25.445 
31 49 40.230 21.864 
32 33 81.295 84.117 
32 34 41.760 28.777 
32 35 20.041 19.190 
32 36 63.006 0.148 
32 37 63.281 61.204 
32 38 16.430 21.180 
32 39 84.799 82.704 
32 40 76.126 63.663 
32 41 86.811 49.808 
32 42 87.708 68.479 
32 43 59.534 45.471 
32 44 82.205 4.020 
32 45 31.989 65.992 
32 46 81.801 35.713 
32 47 24.118 67.189 
32 48 97.700 50.694 
32 49 56.868 52.605 
33 34 61.754 11.292 
33 35 8.440 70.939 
33 36 50.793 4.247 
33 37 89.717 55.484 
33 38 17.862 78.679 
33 39 9.250 67.785 
33 40 39.481 49.767 
33 41 11.839 36.225 
33 42 13.086 53.396 
33 43 47.628 76.286 
33 44 58.677 54.536 
33 45 56.800 60.441 
33 46 10.088 89.824 
33 47 33.256 63.729 
33 48 76.940 91.264 
33 49 41.852 68.054 
34 35 92.977 35.643 
34 36 71.634 22.821 
34 37 73.652 27.450 
34 38 42.132 0.000 
34 39 14.177 0.000 
34 40 30.352 60.221 
34 41 30.338 91.649 
34 42 93.807 0.000 
34 43 96.307 0.000 
34 44 95.455 0.000 
34 45 77.324 96.683 
34 46 42.800 36.563 
34 47 4.597 83.701 
34 48 60.941 14.727 
34 49 1.796 98.469 
35 36 96.055 66.266 
35 37 53.699 3.288 
35 38 66.952 5.140 
35 39 75.084 92.278 
35 40 77.786 93.357 
35 41 33.608 84.772 
35 42 58.056 2.680 
35 43 30.334 95.791 
35 44 24.870 76.331 
35 45 35.964 47.288 
35 46 55.012 57.022 
35 47 4.125 97.297 
35 48 57.381 29.804 
35 49 17.300 70.583 
36 37 83.876 39.728 
36 38 5.170 92.458 
36 39 9.084 32.509 
36 40 57.435 57.074 
36 41 28.528 20.582 
36 42 74.315 28.847 
36 43 52.708 11.381 
36 44 42.290 55.607 
36 45 83.833 58.556 
36 46 85.113 41.870 
36 47 47.158 15.646 
36 48 68.342 74.090 
36 49 48.739 96.773 
37 38 32.945 23.352 
37 39 31.383 82.936 
37 40 97.194 13.861 
37 41 64.705 18.671 
37 42 76.215 5.307 
37 43 96.369 86.566 
37 44 70.855 18.191 
37 45 34.897 83.482 
37 46 84.201 10.069 
37 47 34.414 86.744 
37 48 85.951 55.940 
37 49 51.461 93.127 
38 39 3.403 0.000 
38 40 66.045 44.107 
38 41 4.335 74.175 
38 42 98.288 0.000 
38 43 96.030 0.000 
38 44 71.442 0.000 
38 45 2.566 41.305 
38 46 82.427 24.600 
38 47 84.144 92.636 
38 48 56.362 17.600 
38 49 41.509 5.986 
39 40 40.263 3.911 
39 41 28.691 78.232 
39 42 90.997 0.000 
39 43 84.351 0.000 
39 44 64.546 0.000 
39 45 12.890 23.753 
39 46 80.451 75.196 
39 47 95.636 36.032 
39 48 56.744 40.932 
39 49 10.808 33.222 
40 41 70.147 34.891 
40 42 82.280 41.030 
40 43 80.677 59.537 
40 44 66.647 18.016 
40 45 10.071 47.105 
40 46 51.060 27.958 
40 47 63.657 62.292 
40 48 54.317 61.495 
40 49 26.790 94.131 
41 42 4.882 1.920 
41 43 77.427 41.753 
41 44 80.812 71.552 
41 45 28.616 36.531 
41 46 76.949 95.681 
41 47 38.411 5.823 
41 48 4.531 25.468 
41 49 80.573 50.548 
42 43 52.929 0.000 
42 44 50.768 0.000 
42 45 95.179 63.183 
42 46 91.191 63.416 
42 47 60.558 21.265 
42 48 84.996 10.855 
42 49 6.760 5.613 
43 44 26.016 0.000 
43 45 43.347 68.760 
43 46 57.551 95.986 
43 47 70.378 12.814 
43 48 11.267 34.381 
43 49 57.615 12.608 
44 45 80.541 88.108 
44 46 54.851 64.875 
44 47 98.840 27.922 
44 48 1.344 16.884 
44 49 92.253 80.798 
45 46 58.206 9.302 
45 47 70.315 78.807 
45 48 81.154 1.368 
45 49 98.230 60.006 
46 47 24.277 94.075 
46 48 42.104 80.591 
46 49 6.096 31.195 
47 48 15.919 64.791 
47 49 38.396 7.439 
48 49 17.048 73.266 
