10 
80
0 1 90 7
0 2 90 8
0 3 90 8
0 4 90 90
0 5 90 90
0 6 90 90
0 7 90 6
0 8 90 21
0 9 90 90
1 2 90 90
1 3 90 90
1 4 90 90
1 5 90 90
1 6 90 90
1 7 90 7
1 8 90 21
1 9 90 90
2 3 90 90
2 4 90 90
2 5 90 90
2 6 90 90
2 7 90 90
2 8 90 21
2 9 90 20
3 4 90 5
3 5 90 2
3 6 90 3
3 7 90 90
3 8 90 21
3 9 90 90
4 5 90 4
4 6 90 4
4 7 90 90
4 8 90 21
4 9 90 90
5 6 90 2
5 7 90 90
5 8 90 90
5 9 90 90
6 7 90 90
6 8 90 21
6 9 90 90
7 8 90 21
7 9 90 90
8 9 90 21

10
10
0 1 1 2
0 2 1 2
0 3 1 2
0 4 1 2
0 5 1 2
0 6 1 2
0 7 1 2
0 8 1 2
0 9 1 2
1 2 1 2
1 3 1 2
1 4 1 2
1 5 1 2
1 6 1 2
1 7 1 2
1 8 1 2
1 9 1 2
2 3 1 2
2 4 1 2
2 5 1 2
2 6 1 2
2 7 1 2
2 8 1 2
2 9 1 2
3 4 1 2
3 5 1 2
3 6 1 2
3 7 1 2
3 8 1 2
3 9 1 2
4 5 1 2
4 6 1 2
4 7 1 2
4 8 1 2
4 9 1 2
5 6 1 2
5 7 1 2
5 8 1 2
5 9 1 2
6 7 1 2
6 8 1 2
6 9 1 2
7 8 1 2
7 9 1 2
8 9 1 2
